# id,z
1,0.02983,0.09069,0.87949
2,0.00883,0.01327,0.97790
3,0.02408,0.04946,0.92646
4,0.31717,0.31330,0.36953
5,0.17286,0.25027,0.57687
6,0.00047,0.00089,0.99864
7,0.02833,0.03310,0.93858
8,0.19208,0.50631,0.30161
9,0.00001,0.00006,0.99993
10,0.00000,0.00000,1.00000
11,0.00002,0.00060,0.99938
12,0.00009,0.99970,0.00022
13,0.22428,0.43921,0.33651
14,0.05213,0.05856,0.88932
15,0.35398,0.32331,0.32271
16,0.22943,0.47520,0.29537
17,0.00156,0.05373,0.94471
18,0.05277,0.00802,0.93921
19,0.00129,0.94039,0.05832
20,0.00000,1.00000,0.00000
21,0.25037,0.42234,0.32729
22,0.08639,0.08951,0.82411
23,0.36907,0.30334,0.32759
24,0.19298,0.56730,0.23971
25,0.99614,0.00093,0.00292
26,0.98816,0.00451,0.00734
27,0.00010,0.00196,0.99793
28,0.98383,0.00096,0.01521
29,0.99969,0.00003,0.00028
30,0.99993,0.00004,0.00003
31,0.00000,0.00000,1.00000
32,0.99999,0.00000,0.00001
33,0.00000,0.00000,1.00000
34,0.00000,0.00000,1.00000
35,0.00000,0.00000,1.00000
36,0.99849,0.00054,0.00097
37,0.05849,0.06989,0.87162
38,0.02962,0.06408,0.90630
39,0.32133,0.23216,0.44651
40,0.21827,0.55182,0.22990
41,0.00005,0.00016,0.99979
42,0.00000,0.00002,0.99998
43,0.17456,0.32487,0.50057
44,0.06840,0.61607,0.31553
45,0.43551,0.20233,0.36216
46,0.01601,0.01783,0.96616
47,0.30684,0.30290,0.39026
48,0.34581,0.37995,0.27424
49,0.00138,0.00887,0.98975
50,0.00006,0.47576,0.52418
51,0.00149,0.83564,0.16287
52,0.00000,1.00000,0.00000
53,0.20344,0.67453,0.12203
54,0.08782,0.51451,0.39767
55,0.46048,0.21670,0.32282
56,0.19008,0.68098,0.12894
57,0.09500,0.30152,0.60348
58,0.00002,0.00006,0.99992
59,0.34989,0.31789,0.33222
60,0.08795,0.81855,0.09349
61,0.00113,0.22360,0.77527
62,0.00004,0.00098,0.99898
63,0.02046,0.05251,0.92702
64,0.00001,0.99987,0.00013
65,0.41081,0.58732,0.00187
66,0.00010,0.61617,0.38373
67,0.01042,0.16509,0.82449
68,0.00000,1.00000,0.00000
69,0.00108,0.00357,0.99535
70,0.00002,0.00002,0.99996
71,0.09155,0.10189,0.80656
72,0.27294,0.47248,0.25458
73,0.00989,0.33804,0.65207
74,0.00053,0.01363,0.98584
75,0.00001,0.00002,0.99996
76,0.01203,0.70437,0.28360
77,0.36370,0.19547,0.44083
78,0.24122,0.53159,0.22719
79,0.35107,0.25192,0.39701
80,0.30282,0.45093,0.24625
81,0.35843,0.22373,0.41784
82,0.03328,0.08894,0.87778
83,0.29110,0.36558,0.34333
84,0.27053,0.43328,0.29619
85,0.00141,0.98335,0.01523
86,0.00006,0.00319,0.99675
87,0.31341,0.33520,0.35140
88,0.00104,0.24093,0.75803
89,0.29095,0.35045,0.35860
90,0.20703,0.41889,0.37408
91,0.22489,0.19649,0.57862
92,0.47895,0.20269,0.31836
93,0.00000,0.00004,0.99996
94,0.00000,0.00000,1.00000
95,0.07602,0.40439,0.51959
96,0.00040,0.99057,0.00903
97,0.00232,0.08109,0.91659
98,0.00000,0.00000,1.00000
99,0.30874,0.26567,0.42560
100,0.03782,0.84395,0.11823
101,0.00064,0.05372,0.94564
102,0.00000,0.00000,1.00000
103,0.00001,0.00005,0.99995
104,0.00318,0.98627,0.01055
105,0.16915,0.59362,0.23723
106,0.00076,0.00139,0.99785
107,0.06019,0.05372,0.88609
108,0.32401,0.49352,0.18247
109,0.01460,0.05273,0.93268
110,0.00000,0.00000,1.00000
111,0.19018,0.27438,0.53544
112,0.00098,0.01726,0.98176
113,0.00147,0.08381,0.91472
114,0.00010,0.00043,0.99947
115,0.19298,0.10137,0.70565
116,0.04340,0.83139,0.12521
117,0.06667,0.06468,0.86866
118,0.00365,0.00259,0.99376
119,0.34736,0.29979,0.35284
120,0.20316,0.48503,0.31182
121,0.02420,0.40423,0.57157
122,0.00001,0.00001,0.99998
123,0.21811,0.20150,0.58040
124,0.03762,0.76864,0.19374
125,0.46732,0.32892,0.20376
126,0.01018,0.00058,0.98924
127,0.01433,0.03539,0.95028
128,0.10838,0.60040,0.29121
129,0.00675,0.16991,0.82333
130,0.00000,0.00000,1.00000
131,0.25304,0.42844,0.31852
132,0.02274,0.94091,0.03635
133,0.00115,0.00487,0.99398
134,0.00000,0.00000,1.00000
135,0.00000,0.00010,0.99990
136,0.10984,0.81956,0.07060
137,0.00000,0.00001,0.99999
138,0.00000,0.00000,1.00000
139,0.17658,0.28016,0.54326
140,0.00387,0.60655,0.38958
141,0.01143,0.01742,0.97115
142,0.00052,0.00033,0.99915
143,0.21008,0.25803,0.53189
144,0.07430,0.75791,0.16779
145,0.00000,0.00000,1.00000
146,0.00000,0.00000,1.00000
147,0.00000,0.00000,1.00000
148,0.00000,0.01684,0.98316
149,0.03164,0.89527,0.07309
150,0.00967,0.01778,0.97255
151,0.14518,0.61096,0.24386
152,0.18653,0.09902,0.71445
153,0.00273,0.03973,0.95754
154,0.00004,0.00014,0.99982
155,0.31954,0.36451,0.31595
156,0.07119,0.76246,0.16635
157,0.06049,0.11704,0.82247
158,0.00073,0.00207,0.99720
159,0.36113,0.31226,0.32661
160,0.06135,0.41283,0.52582
161,0.69437,0.02280,0.28284
162,0.98896,0.01019,0.00085
163,0.00000,0.00000,1.00000
164,0.99995,0.00003,0.00003
165,0.04688,0.02931,0.92381
166,0.00021,0.00039,0.99940
167,0.03974,0.05194,0.90832
168,0.02622,0.91742,0.05636
169,0.99975,0.00014,0.00011
170,0.99234,0.00507,0.00259
171,0.00000,0.00000,1.00000
172,0.59172,0.32651,0.08177
173,0.06180,0.16397,0.77422
174,0.00342,0.00336,0.99322
175,0.37458,0.30514,0.32028
176,0.09386,0.61518,0.29097
177,0.00036,0.00526,0.99438
178,0.00080,0.00993,0.98927
179,0.07694,0.11981,0.80326
180,0.06855,0.85224,0.07921
181,0.00049,0.04268,0.95684
182,0.00000,0.00000,1.00000
183,0.04395,0.06847,0.88758
184,0.01577,0.79873,0.18551
185,0.21198,0.52272,0.26530
186,0.00521,0.01210,0.98269
187,0.13798,0.06247,0.79955
188,0.28661,0.54804,0.16535
189,0.14013,0.46415,0.39572
190,0.00140,0.00288,0.99572
191,0.30317,0.28118,0.41565
192,0.04041,0.87335,0.08624
193,0.00017,0.03313,0.96671
194,0.00000,0.00003,0.99997
195,0.00934,0.00506,0.98560
196,0.00162,0.99374,0.00464
197,0.00083,0.09923,0.89993
198,0.00000,0.00000,1.00000
199,0.00000,0.00003,0.99997
200,0.00005,0.99855,0.00140
201,0.02106,0.33726,0.64167
202,0.00026,0.00016,0.99958
203,0.13340,0.24808,0.61853
204,0.10563,0.69679,0.19758
205,0.00000,0.00000,1.00000
206,0.97387,0.00913,0.01699
207,0.07010,0.11189,0.81801
208,0.02548,0.81656,0.15796
209,0.09581,0.34147,0.56272
210,0.09368,0.19892,0.70739
211,0.20506,0.20829,0.58666
212,0.18817,0.46967,0.34216
213,0.07830,0.06246,0.85924
214,0.00262,0.28086,0.71652
215,0.07931,0.09770,0.82300
216,0.09566,0.81092,0.09341
217,0.00157,0.56948,0.42895
218,0.00000,0.00000,1.00000
219,0.00000,0.00000,1.00000
220,0.00000,0.99988,0.00011
221,0.05402,0.12026,0.82572
222,0.23887,0.44331,0.31781
223,0.01035,0.00886,0.98079
224,0.18476,0.43425,0.38100
225,0.00043,0.99590,0.00367
226,0.00000,0.00000,1.00000
227,0.00429,0.11408,0.88164
228,0.00014,0.99946,0.00040
229,0.00006,0.02568,0.97426
230,0.00000,0.00000,1.00000
231,0.00784,0.08301,0.90915
232,0.00207,0.96353,0.03441
233,0.03342,0.10198,0.86460
234,0.00233,0.00551,0.99216
235,0.09529,0.10116,0.80355
236,0.15487,0.66284,0.18229
237,0.00067,0.04324,0.95610
238,0.00000,0.00000,1.00000
239,0.00000,0.00000,1.00000
240,0.84359,0.03165,0.12476
241,0.00000,0.00000,1.00000
242,0.51472,0.01224,0.47305
243,0.13304,0.17525,0.69171
244,0.00308,0.93083,0.06609
245,0.00000,0.00002,0.99998
246,0.00000,0.00000,1.00000
247,0.00026,0.00060,0.99914
248,0.00032,0.97944,0.02024
249,0.01094,0.10550,0.88356
250,0.00020,0.00016,0.99964
251,0.01858,0.07711,0.90431
252,0.02280,0.43678,0.54042
253,0.00000,0.00002,0.99998
254,0.00000,0.00000,1.00000
255,0.05983,0.10040,0.83976
256,0.00011,0.97172,0.02817
257,0.99806,0.00181,0.00013
258,0.97182,0.02162,0.00656
259,0.00000,0.00000,1.00000
260,0.99755,0.00017,0.00228
261,0.05153,0.23771,0.71077
262,0.00099,0.00148,0.99753
263,0.03804,0.08044,0.88152
264,0.36023,0.34923,0.29054
265,0.00000,0.00070,0.99930
266,0.00000,0.00000,1.00000
267,0.00034,0.00034,0.99932
268,0.00085,0.98571,0.01344
269,0.97199,0.00266,0.02536
270,0.99811,0.00157,0.00032
271,0.00000,0.00000,0.99999
272,0.99995,0.00003,0.00003
273,0.00003,0.00072,0.99925
274,0.00000,0.00000,1.00000
275,0.01434,0.06002,0.92564
276,0.00628,0.51363,0.48009
277,0.00000,0.00007,0.99992
278,0.00000,0.00000,1.00000
279,0.19147,0.51946,0.28908
280,0.00026,0.65789,0.34185
281,0.01267,0.14431,0.84302
282,0.00003,0.00017,0.99980
283,0.03951,0.08126,0.87923
284,0.02816,0.91082,0.06102
285,0.00006,0.00041,0.99953
286,0.00000,0.00000,1.00000
287,0.15150,0.27951,0.56899
288,0.00778,0.94408,0.04814
289,0.00001,0.01325,0.98674
290,0.96741,0.00903,0.02356
291,0.04834,0.25458,0.69708
292,0.00371,0.98059,0.01570
293,0.00001,0.00021,0.99978
294,0.00000,0.00000,1.00000
295,0.11814,0.27349,0.60838
296,0.03835,0.83615,0.12551
297,0.99999,0.00000,0.00001
298,1.00000,0.00000,0.00000
299,0.00000,0.00000,1.00000
300,0.99995,0.00000,0.00005
301,0.00697,0.00677,0.98625
302,0.00004,0.00006,0.99990
303,0.08149,0.10568,0.81283
304,0.05832,0.68514,0.25653
305,0.00140,0.01451,0.98408
306,0.00000,0.00000,1.00000
307,0.00000,0.00000,1.00000
308,0.00021,0.99547,0.00432
309,0.03588,0.06424,0.89988
310,0.00413,0.01597,0.97990
311,0.23534,0.20864,0.55602
312,0.18138,0.63640,0.18222
313,0.26318,0.13680,0.60003
314,0.00022,0.00045,0.99933
315,0.17015,0.20474,0.62511
316,0.26381,0.18160,0.55459
317,0.00206,0.95356,0.04438
318,0.00007,0.00043,0.99951
319,0.36368,0.26400,0.37232
320,0.00001,0.99994,0.00005
321,0.00197,0.00991,0.98811
322,0.01268,0.02769,0.95964
323,0.13851,0.37728,0.48422
324,0.07344,0.72944,0.19712
325,0.00000,0.00002,0.99998
326,0.00000,0.00000,1.00000
327,0.00332,0.03961,0.95707
328,0.41764,0.43215,0.15020
329,0.66799,0.14481,0.18720
330,0.52779,0.36310,0.10912
331,0.00267,0.03323,0.96410
332,0.01703,0.95756,0.02541
333,0.01950,0.87676,0.10374
334,0.02778,0.41187,0.56035
335,0.17995,0.24506,0.57500
336,0.23590,0.63100,0.13310
337,0.99833,0.00031,0.00137
338,0.99168,0.00614,0.00218
339,0.00013,0.00136,0.99851
340,0.99883,0.00005,0.00112
341,0.00008,0.82048,0.17944
342,0.00000,0.00000,1.00000
343,0.24758,0.40377,0.34865
344,0.00002,0.98474,0.01524
345,0.06506,0.15599,0.77895
346,0.03132,0.05738,0.91129
347,0.34324,0.31340,0.34336
348,0.38211,0.39441,0.22348
349,0.00683,0.93239,0.06078
350,0.00001,0.00021,0.99977
351,0.32242,0.27674,0.40084
352,0.00725,0.93294,0.05981
353,0.00004,0.99545,0.00451
354,0.00000,0.00202,0.99798
355,0.00000,0.00000,1.00000
356,0.00000,0.99810,0.00190
357,0.91244,0.00901,0.07856
358,0.00000,0.00000,1.00000
359,0.00000,0.00007,0.99993
360,0.00117,0.89034,0.10849
361,0.00972,0.01819,0.97209
362,0.00002,0.00023,0.99975
363,0.00066,0.00263,0.99672
364,0.05564,0.20614,0.73821
365,0.00003,0.00003,0.99995
366,0.00000,0.00000,1.00000
367,0.00000,0.00000,1.00000
368,0.33681,0.47019,0.19300
369,0.10770,0.18660,0.70570
370,0.00065,0.00519,0.99416
371,0.18321,0.22782,0.58897
372,0.08105,0.32070,0.59826
373,0.56889,0.11835,0.31276
374,0.00734,0.00281,0.98984
375,0.32825,0.27758,0.39416
376,0.23082,0.44620,0.32298
377,0.00201,0.01174,0.98624
378,0.00002,0.00003,0.99995
379,0.32493,0.29359,0.38148
380,0.11457,0.40437,0.48106
381,0.97166,0.00261,0.02573
382,0.99945,0.00032,0.00023
383,0.00002,0.00325,0.99673
384,0.04507,0.91369,0.04124
385,0.02410,0.05923,0.91667
386,0.00000,0.00000,1.00000
387,0.14540,0.30583,0.54878
388,0.12545,0.49927,0.37528
389,0.18230,0.38161,0.43610
390,0.00527,0.01297,0.98176
391,0.28871,0.27995,0.43134
392,0.13141,0.67647,0.19212
393,0.16768,0.69813,0.13419
394,0.00177,0.00060,0.99763
395,0.35296,0.32228,0.32476
396,0.22381,0.46502,0.31118
397,0.06540,0.85855,0.07604
398,0.04714,0.21692,0.73594
399,0.36619,0.32030,0.31352
400,0.18337,0.58573,0.23091
401,0.00154,0.01091,0.98755
402,0.00744,0.01489,0.97767
403,0.00023,0.00055,0.99923
404,0.06276,0.73744,0.19980
405,1.00000,0.00000,0.00000
406,0.99981,0.00019,0.00000
407,0.00000,0.00000,1.00000
408,1.00000,0.00000,0.00000
409,0.00170,0.03411,0.96419
410,0.00002,0.00155,0.99842
411,0.07147,0.34777,0.58076
412,0.10373,0.76938,0.12689
413,0.00001,0.00011,0.99989
414,0.00000,0.00000,1.00000
415,0.01799,0.38756,0.59445
416,0.00004,0.99960,0.00036
417,0.00001,0.00001,0.99998
418,0.00000,0.00000,1.00000
419,0.00100,0.00111,0.99788
420,0.00968,0.64979,0.34053
421,0.08315,0.19618,0.72068
422,0.00057,0.00045,0.99898
423,0.31095,0.25203,0.43702
424,0.35190,0.21860,0.42950
425,0.13078,0.06402,0.80520
426,0.01257,0.02686,0.96057
427,0.14058,0.51108,0.34834
428,0.02819,0.13178,0.84003
429,0.00000,0.00000,1.00000
430,0.99151,0.00269,0.00579
431,0.00000,0.00000,1.00000
432,0.99387,0.00061,0.00552
433,0.99865,0.00071,0.00064
434,0.00000,0.00000,1.00000
435,0.00022,0.00318,0.99660
436,0.99998,0.00000,0.00002
437,0.00641,0.68426,0.30933
438,0.00094,0.05600,0.94306
439,0.00004,0.00036,0.99960
440,0.00034,0.99900,0.00066
441,0.00018,0.01059,0.98923
442,0.00000,0.00000,1.00000
443,0.28435,0.27727,0.43838
444,0.02560,0.72053,0.25387
445,0.00007,0.15557,0.84437
446,0.00276,0.00142,0.99583
447,0.00751,0.30292,0.68957
448,0.00001,0.99969,0.00031
449,0.00112,0.01220,0.98668
450,0.00000,0.00000,1.00000
451,0.34063,0.33505,0.32432
452,0.06220,0.35177,0.58604
453,0.00187,0.23424,0.76389
454,0.00000,0.00001,0.99999
455,0.17952,0.25131,0.56917
456,0.00023,0.95207,0.04770
457,0.99973,0.00008,0.00019
458,0.99991,0.00007,0.00001
459,0.00000,0.00000,1.00000
460,0.31686,0.46973,0.21341
461,0.00160,0.40041,0.59799
462,0.00000,0.00000,1.00000
463,0.00010,0.00212,0.99778
464,0.00056,0.98301,0.01643
465,0.11532,0.38112,0.50356
466,0.02050,0.07346,0.90604
467,0.36382,0.31800,0.31818
468,0.32752,0.36682,0.30566
469,0.00000,0.00000,1.00000
470,0.00000,0.00000,1.00000
471,0.00000,0.00000,1.00000
472,0.00061,0.13892,0.86048
473,0.09184,0.71836,0.18981
474,0.00455,0.04591,0.94954
475,0.16354,0.46536,0.37111
476,0.46422,0.19917,0.33661
477,0.00000,0.00000,1.00000
478,0.97624,0.00402,0.01973
479,0.00000,0.00000,1.00000
480,0.03723,0.69710,0.26567
481,0.00001,0.00034,0.99965
482,0.00000,0.00000,1.00000
483,0.01370,0.45578,0.53052
484,0.00143,0.68358,0.31500
485,0.01003,0.41465,0.57532
486,0.00000,0.00000,1.00000
487,0.33500,0.27706,0.38794
488,0.00632,0.05908,0.93460
489,0.10652,0.17213,0.72135
490,0.00004,0.00007,0.99990
491,0.33464,0.29869,0.36667
492,0.01056,0.03615,0.95328
493,0.07418,0.02532,0.90050
494,0.00714,0.01522,0.97764
495,0.03480,0.04361,0.92158
496,0.07795,0.19757,0.72448
497,0.00038,0.00329,0.99633
498,0.00000,0.00000,1.00000
499,0.00121,0.04106,0.95773
500,0.00000,0.99996,0.00003
501,0.07537,0.10857,0.81606
502,0.01302,0.03935,0.94763
503,0.35417,0.28270,0.36313
504,0.15059,0.69524,0.15417
505,0.00086,0.00079,0.99835
506,0.00489,0.06716,0.92795
507,0.13435,0.17487,0.69078
508,0.30859,0.44905,0.24235
509,0.02523,0.03234,0.94243
510,0.00323,0.00712,0.98965
511,0.30852,0.31109,0.38039
512,0.14259,0.66452,0.19289
513,0.00000,0.00000,1.00000
514,0.99825,0.00124,0.00051
515,0.00000,0.00000,1.00000
516,0.99933,0.00003,0.00064
517,0.99958,0.00011,0.00031
518,0.99978,0.00021,0.00001
519,0.00000,0.00000,1.00000
520,0.05142,0.10660,0.84198
521,0.99539,0.00194,0.00266
522,0.00000,0.00000,1.00000
523,0.00000,0.00000,1.00000
524,0.00009,0.99960,0.00031
525,0.00007,0.00256,0.99737
526,0.00000,0.00000,1.00000
527,0.24206,0.23865,0.51929
528,0.02726,0.82049,0.15225
529,0.00003,0.00002,0.99996
530,0.00000,0.00000,1.00000
531,0.00001,0.00003,0.99997
532,0.21192,0.27929,0.50878
533,0.00000,0.00000,1.00000
534,0.99557,0.00402,0.00042
535,0.00000,0.00000,1.00000
536,0.95778,0.00551,0.03671
537,0.99619,0.00282,0.00098
538,0.00000,0.00000,1.00000
539,0.00000,0.00000,1.00000
540,0.00000,0.95888,0.04112
541,0.99916,0.00039,0.00045
542,0.99744,0.00214,0.00042
543,0.00000,0.00022,0.99978
544,0.99980,0.00000,0.00019
545,0.00000,0.00000,1.00000
546,0.00000,0.00000,1.00000
547,0.00000,0.00001,0.99999
548,0.92664,0.00681,0.06654
549,0.99913,0.00080,0.00006
550,0.99988,0.00010,0.00002
551,0.00003,0.00166,0.99831
552,0.00566,0.70893,0.28541
553,0.00000,0.00000,1.00000
554,0.00000,0.00000,1.00000
555,0.00000,0.00000,1.00000
556,0.96203,0.00472,0.03325
557,0.01144,0.00381,0.98475
558,0.99862,0.00120,0.00018
559,0.00000,0.00000,1.00000
560,0.93367,0.01493,0.05140
561,0.00000,0.00000,1.00000
562,0.00000,0.00000,1.00000
563,0.00001,0.00011,0.99988
564,0.00113,0.70988,0.28899
565,0.01623,0.05728,0.92649
566,0.20674,0.49630,0.29696
567,0.00045,0.00137,0.99818
568,0.02273,0.87007,0.10720
569,0.06673,0.34561,0.58766
570,0.00001,0.00038,0.99961
571,0.02044,0.18307,0.79649
572,0.00014,0.99970,0.00016
573,0.00104,0.26013,0.73883
574,0.00000,0.00000,1.00000
575,0.00000,0.00000,1.00000
576,0.00001,0.99978,0.00021
577,0.00000,0.00000,1.00000
578,0.99881,0.00112,0.00007
579,0.00000,0.00000,0.99999
580,0.99941,0.00003,0.00056
581,1.00000,0.00000,0.00000
582,1.00000,0.00000,0.00000
583,0.00000,0.00002,0.99998
584,1.00000,0.00000,0.00000
585,0.10522,0.26992,0.62486
586,0.15790,0.14558,0.69652
587,0.03277,0.04789,0.91935
588,0.21710,0.56313,0.21977
589,0.09169,0.08528,0.82302
590,0.01726,0.00791,0.97483
591,0.02471,0.04954,0.92575
592,0.01963,0.86816,0.11221
593,0.00035,0.88503,0.11462
594,0.99173,0.00532,0.00295
595,0.00397,0.01589,0.98014
596,0.09658,0.78928,0.11414
597,0.00688,0.00160,0.99153
598,0.00089,0.00001,0.99910
599,0.00016,0.00043,0.99941
600,0.01904,0.64544,0.33552
601,0.00082,0.00095,0.99823
602,0.00000,0.00000,1.00000
603,0.00001,0.00004,0.99994
604,0.00004,0.99382,0.00615
605,0.00004,0.99995,0.00001
606,0.00270,0.91472,0.08258
607,0.00007,0.00864,0.99128
608,0.00000,1.00000,0.00000
609,0.00807,0.08799,0.90395
610,0.00005,0.00110,0.99885
611,0.26833,0.42071,0.31096
612,0.02354,0.81439,0.16207
613,0.00036,0.00032,0.99932
614,0.03212,0.01208,0.95580
615,0.26560,0.29055,0.44385
616,0.18159,0.41888,0.39953
617,0.00152,0.00657,0.99190
618,0.01248,0.06870,0.91882
619,0.39567,0.34165,0.26269
620,0.17924,0.54440,0.27636
621,0.00000,0.00000,1.00000
622,0.00000,0.00000,1.00000
623,0.00000,0.00000,0.99999
624,0.88690,0.03041,0.08268
625,0.00174,0.32518,0.67308
626,0.00000,0.00000,1.00000
627,0.07449,0.07989,0.84562
628,0.98324,0.00586,0.01090
629,0.06811,0.06436,0.86752
630,0.00000,0.00000,1.00000
631,0.00060,0.00073,0.99867
632,0.47610,0.12753,0.39637
633,0.00097,0.00521,0.99382
634,0.00012,0.00036,0.99953
635,0.00002,0.00004,0.99994
636,0.05182,0.38426,0.56392
637,0.00031,0.00747,0.99222
638,0.99221,0.00312,0.00467
639,0.07557,0.23252,0.69190
640,0.00166,0.23754,0.76080
641,0.29948,0.29339,0.40713
642,0.00004,0.00011,0.99985
643,0.33015,0.38234,0.28752
644,0.07130,0.76618,0.16252
645,0.00000,0.00000,1.00000
646,0.00000,0.00000,1.00000
647,0.00000,0.00000,1.00000
648,0.99911,0.00016,0.00072
649,0.71746,0.03886,0.24368
650,0.00000,0.00000,1.00000
651,0.06484,0.32183,0.61332
652,0.83251,0.08120,0.08629
653,0.00001,0.00068,0.99931
654,0.00000,0.00000,1.00000
655,0.00066,0.00189,0.99745
656,0.00061,0.16436,0.83503
657,0.03654,0.05275,0.91071
658,0.00000,0.00000,1.00000
659,0.06116,0.04696,0.89188
660,0.22597,0.38633,0.38770
661,0.03279,0.03014,0.93708
662,0.00416,0.00497,0.99087
663,0.38626,0.30726,0.30648
664,0.00916,0.02100,0.96984
665,0.29660,0.22115,0.48226
666,0.00165,0.00225,0.99610
667,0.36826,0.31571,0.31603
668,0.27993,0.41616,0.30391
669,0.03633,0.09295,0.87073
670,0.03676,0.14821,0.81502
671,0.00928,0.02042,0.97030
672,0.06461,0.75765,0.17775
673,0.00015,0.00485,0.99500
674,0.00000,0.00000,1.00000
675,0.05598,0.26428,0.67975
676,0.00197,0.98906,0.00897
677,0.04020,0.58273,0.37707
678,0.00000,0.00000,1.00000
679,0.00042,0.00052,0.99905
680,0.01752,0.93181,0.05067
681,0.00065,0.00317,0.99619
682,0.00000,0.00000,1.00000
683,0.22025,0.21403,0.56572
684,0.09953,0.22735,0.67312
685,0.01730,0.12303,0.85967
686,0.00000,0.00002,0.99998
687,0.20892,0.33671,0.45437
688,0.01251,0.87751,0.10998
689,0.00000,0.00001,0.99999
690,0.00000,0.00000,1.00000
691,0.00790,0.09732,0.89478
692,0.99697,0.00076,0.00227
693,0.00044,0.03736,0.96220
694,0.00001,0.00010,0.99989
695,0.00697,0.01289,0.98014
696,0.08719,0.46482,0.44799
697,0.08649,0.43616,0.47735
698,0.00235,0.00165,0.99599
699,0.22940,0.22284,0.54776
700,0.48884,0.26576,0.24540
701,0.00617,0.07367,0.92016
702,0.00000,0.00001,0.99999
703,0.24157,0.24802,0.51040
704,0.14784,0.71074,0.14142
705,0.00001,0.00001,0.99998
706,0.00000,0.00000,1.00000
707,0.02723,0.11680,0.85597
708,0.00001,0.00053,0.99946
709,0.10250,0.17451,0.72299
710,0.00023,0.00022,0.99955
711,0.20540,0.30596,0.48864
712,0.11203,0.71311,0.17486
713,0.00785,0.25342,0.73874
714,0.00000,0.00000,1.00000
715,0.14088,0.20863,0.65049
716,0.00000,0.00012,0.99988
717,0.00000,0.00000,1.00000
718,0.00000,0.00000,1.00000
719,0.00000,0.00000,1.00000
720,0.00000,1.00000,0.00000
721,0.04227,0.10790,0.84983
722,0.00139,0.00166,0.99695
723,0.05451,0.10120,0.84429
724,0.32755,0.36197,0.31048
725,0.30629,0.28519,0.40852
726,0.09399,0.09632,0.80969
727,0.35885,0.32305,0.31810
728,0.48824,0.21293,0.29883
729,0.99987,0.00008,0.00005
730,0.00000,0.00000,1.00000
731,0.00026,0.00368,0.99606
732,0.99905,0.00011,0.00084
733,0.05498,0.81007,0.13495
734,0.00355,0.28095,0.71550
735,0.19543,0.31322,0.49135
736,0.00430,0.95701,0.03869
737,0.00076,0.01228,0.98696
738,0.08099,0.78345,0.13556
739,0.00078,0.00431,0.99491
740,0.01353,0.92501,0.06146
741,0.00197,0.05127,0.94676
742,0.00000,0.00000,1.00000
743,0.00001,0.00006,0.99994
744,0.00001,0.99987,0.00013
745,0.00101,0.06487,0.93413
746,0.00002,0.00004,0.99994
747,0.00004,0.00029,0.99967
748,0.00156,0.18762,0.81082
749,0.06463,0.11453,0.82084
750,0.00004,0.00003,0.99993
751,0.22899,0.20997,0.56104
752,0.24503,0.59508,0.15989
753,0.03424,0.08257,0.88319
754,0.00044,0.00079,0.99877
755,0.37372,0.30800,0.31828
756,0.27499,0.51683,0.20817
757,0.00000,0.00000,1.00000
758,0.00000,0.00000,1.00000
759,0.00000,0.00000,1.00000
760,0.31227,0.41111,0.27662
761,0.99835,0.00116,0.00049
762,0.99906,0.00073,0.00021
763,0.00000,0.00000,1.00000
764,0.99584,0.00078,0.00337
765,0.00951,0.02649,0.96399
766,0.00062,0.00114,0.99825
767,0.00767,0.01528,0.97705
768,0.17172,0.63416,0.19412
769,0.00013,0.00105,0.99883
770,0.00135,0.24166,0.75699
771,0.00004,0.00015,0.99981
772,0.01441,0.22127,0.76432
773,0.00000,0.00005,0.99995
774,0.00000,0.00000,1.00000
775,0.16411,0.36569,0.47020
776,0.00144,0.00274,0.99582
777,0.00064,0.03737,0.96199
778,0.99659,0.00105,0.00236
779,0.00637,0.01773,0.97589
780,0.00001,0.99857,0.00142
781,0.02591,0.15254,0.82155
782,0.00003,0.00006,0.99991
783,0.28387,0.34383,0.37230
784,0.03267,0.43088,0.53645
785,0.19149,0.59021,0.21830
786,0.00062,0.00081,0.99857
787,0.32137,0.30909,0.36954
788,0.37379,0.29897,0.32724
789,0.99706,0.00212,0.00082
790,0.00000,0.00000,1.00000
791,0.00000,0.00000,1.00000
792,0.00118,0.22821,0.77061
793,0.00000,0.00005,0.99995
794,0.00000,0.00000,1.00000
795,0.00000,0.00000,1.00000
796,0.00277,0.98958,0.00765
797,0.22682,0.11854,0.65464
798,0.00039,0.00035,0.99926
799,0.22339,0.25773,0.51888
800,0.09294,0.74919,0.15787
801,0.77441,0.02342,0.20217
802,0.00000,0.00000,1.00000
803,0.00005,0.00037,0.99958
804,0.02818,0.58637,0.38545
805,0.00297,0.02097,0.97607
806,0.00031,0.00465,0.99504
807,0.02464,0.03089,0.94447
808,0.25741,0.48735,0.25524
809,0.02134,0.26672,0.71194
810,0.00000,0.00003,0.99997
811,0.00080,0.00195,0.99725
812,0.01745,0.91877,0.06378
813,0.15619,0.15639,0.68742
814,0.10886,0.25546,0.63568
815,0.33333,0.33333,0.33333
816,0.18708,0.54134,0.27158
817,0.00000,0.00000,1.00000
818,0.00000,0.00000,1.00000
819,0.00000,0.00000,1.00000
820,0.99733,0.00044,0.00222
821,0.00000,0.00014,0.99986
822,0.00000,0.00000,0.99999
823,0.05276,0.07397,0.87327
824,0.01619,0.97352,0.01028
825,0.99383,0.00302,0.00315
826,0.00000,0.00000,1.00000
827,0.00002,0.00508,0.99490
828,0.69257,0.17091,0.13652
829,0.00062,0.06797,0.93140
830,0.00000,0.00000,1.00000
831,0.00031,0.00083,0.99886
832,0.02155,0.93163,0.04682
833,0.00000,0.00000,1.00000
834,0.00000,0.00000,1.00000
835,0.00335,0.02680,0.96985
836,0.00004,0.01687,0.98310
837,0.08780,0.70550,0.20670
838,0.03755,0.61291,0.34955
839,0.06308,0.14920,0.78771
840,0.06515,0.87037,0.06448
841,0.00428,0.25953,0.73619
842,0.00000,0.00000,1.00000
843,0.30167,0.34149,0.35684
844,0.24560,0.27472,0.47968
845,0.00000,0.00002,0.99998
846,0.00000,0.00000,1.00000
847,0.00496,0.00856,0.98648
848,0.02903,0.28908,0.68189
849,0.22553,0.34922,0.42525
850,0.03110,0.09853,0.87037
851,0.13933,0.32287,0.53780
852,0.17195,0.59387,0.23418
853,0.01871,0.14258,0.83872
854,0.00042,0.00091,0.99867
855,0.18180,0.20239,0.61581
856,0.19134,0.63727,0.17139
857,0.00000,0.00000,1.00000
858,0.00000,0.00000,1.00000
859,0.10435,0.43385,0.46180
860,0.84470,0.07358,0.08172
861,0.00000,0.00000,1.00000
862,0.00000,0.00000,1.00000
863,0.00001,0.00089,0.99910
864,0.99390,0.00131,0.00480
865,0.00000,0.00009,0.99991
866,0.34973,0.01151,0.63876
867,0.00000,0.00000,1.00000
868,0.02714,0.87608,0.09678
869,0.00296,0.00776,0.98928
870,0.00083,0.00147,0.99770
871,0.00002,0.00002,0.99996
872,0.00312,0.05593,0.94096
873,0.99966,0.00029,0.00005
874,0.99055,0.00717,0.00228
875,0.00000,0.00000,1.00000
876,0.99968,0.00007,0.00024
877,0.00008,0.00056,0.99936
878,0.00000,0.00002,0.99998
879,0.00085,0.00302,0.99613
880,0.14330,0.13573,0.72098
881,0.00002,0.00040,0.99958
882,0.00000,0.00002,0.99998
883,0.01035,0.01918,0.97047
884,0.03569,0.86322,0.10109
885,0.96806,0.00937,0.02257
886,0.64989,0.00994,0.34018
887,0.00019,0.00269,0.99712
888,0.00069,0.98539,0.01392
889,0.00844,0.03104,0.96052
890,0.00000,0.00000,1.00000
891,0.28619,0.23735,0.47647
892,0.11039,0.61100,0.27862
893,0.09858,0.35307,0.54835
894,0.00986,0.33633,0.65381
895,0.36491,0.27437,0.36073
896,0.05139,0.91492,0.03369
897,0.99474,0.00152,0.00374
898,0.00000,0.00000,1.00000
899,0.00001,0.00017,0.99982
900,0.00003,0.62539,0.37458
901,0.67802,0.03264,0.28934
902,0.92527,0.02885,0.04587
903,0.00000,0.00000,1.00000
904,0.00968,0.95097,0.03935
905,0.00005,0.00060,0.99936
906,0.00000,0.00000,1.00000
907,0.00236,0.41246,0.58518
908,0.00365,0.98599,0.01036
909,0.00001,0.00009,0.99991
910,0.00000,0.00000,1.00000
911,0.14195,0.50236,0.35569
912,0.55463,0.23655,0.20882
913,0.44616,0.10215,0.45169
914,0.00000,0.00000,1.00000
915,0.22292,0.20043,0.57665
916,0.03492,0.61239,0.35269
917,0.00000,0.00000,1.00000
918,0.00000,0.00000,1.00000
919,0.00000,0.00000,1.00000
920,0.00012,0.02009,0.97978
921,0.97889,0.00377,0.01734
922,0.71435,0.00660,0.27905
923,0.00011,0.00517,0.99472
924,0.99964,0.00003,0.00033
925,0.00000,0.00217,0.99783
926,0.99410,0.00419,0.00170
927,0.00028,0.00477,0.99495
928,0.94584,0.02869,0.02548
929,0.00000,0.00000,1.00000
930,0.00000,0.00000,1.00000
931,0.00000,0.00000,1.00000
932,0.00011,0.12995,0.86994
933,0.06790,0.14886,0.78324
934,0.02513,0.15883,0.81604
935,0.32508,0.32068,0.35424
936,0.10593,0.40359,0.49048
937,0.00541,0.00653,0.98806
938,0.00000,0.00002,0.99998
939,0.00003,0.00002,0.99995
940,0.37294,0.39329,0.23377
941,0.13139,0.56836,0.30024
942,0.07840,0.54644,0.37516
943,0.18563,0.23130,0.58307
944,0.33662,0.49774,0.16564
945,0.00220,0.00984,0.98796
946,0.00022,0.00079,0.99899
947,0.01714,0.02116,0.96170
948,0.12176,0.61918,0.25906
949,0.00005,0.00018,0.99977
950,0.00000,0.00000,1.00000
951,0.04481,0.09896,0.85623
952,0.00108,0.00618,0.99274
953,0.00001,0.00020,0.99980
954,0.00000,0.00000,1.00000
955,0.00000,0.00002,0.99998
956,0.00562,0.98318,0.01119
957,0.00004,0.00045,0.99951
958,0.00000,0.00000,1.00000
959,0.08207,0.06507,0.85286
960,0.01004,0.63596,0.35400
961,0.00000,0.00000,0.99999
962,0.00000,0.00000,1.00000
963,0.00000,0.00000,1.00000
964,0.04767,0.55215,0.40018
965,0.97805,0.00742,0.01453
966,0.99178,0.00468,0.00354
967,0.00000,0.00000,1.00000
968,0.77597,0.03218,0.19185
969,0.00512,0.60080,0.39408
970,0.00000,0.00002,0.99998
971,0.08290,0.34669,0.57041
972,0.01177,0.80696,0.18127
973,0.03508,0.28533,0.67959
974,0.00000,0.00001,0.99999
975,0.00005,0.00014,0.99981
976,0.09690,0.61479,0.28831
977,0.00000,0.00033,0.99967
978,0.00000,0.00000,1.00000
979,0.02694,0.09385,0.87921
980,0.98973,0.00243,0.00784
981,0.00000,0.00000,1.00000
982,0.00000,0.00000,1.00000
983,0.00000,0.00000,1.00000
984,0.00000,0.00000,1.00000
985,0.00000,0.00043,0.99957
986,0.00000,0.00000,1.00000
987,0.00781,0.01462,0.97758
988,0.00795,0.97570,0.01634
989,0.26978,0.33566,0.39456
990,0.00900,0.01021,0.98079
991,0.12499,0.25105,0.62396
992,0.40102,0.13644,0.46254
993,0.00005,0.00067,0.99928
994,0.00000,0.00000,1.00000
995,0.10228,0.12493,0.77279
996,0.01994,0.66397,0.31609
997,0.25564,0.46718,0.27718
998,0.00559,0.00803,0.98638
999,0.35530,0.32838,0.31632
1000,0.17517,0.26763,0.55720
1001,0.99851,0.00138,0.00011
1002,0.99518,0.00395,0.00087
1003,0.00000,0.00000,1.00000
1004,0.99497,0.00087,0.00415
1005,0.00000,0.00000,1.00000
1006,0.00000,0.00000,1.00000
1007,0.00000,0.00000,1.00000
1008,0.00005,0.04254,0.95740
1009,0.01504,0.02063,0.96434
1010,0.00000,0.00000,1.00000
1011,0.25632,0.24260,0.50108
1012,0.13000,0.70426,0.16574
1013,0.00000,0.00000,1.00000
1014,0.97285,0.01051,0.01665
1015,0.00704,0.29625,0.69670
1016,0.00836,0.91218,0.07945
1017,0.00000,0.00061,0.99939
1018,0.00000,0.00000,1.00000
1019,0.07595,0.76529,0.15876
1020,0.00001,0.03268,0.96732
1021,0.00016,0.00209,0.99776
1022,0.44196,0.08702,0.47102
1023,0.00003,0.00018,0.99980
1024,0.02795,0.67895,0.29310
1025,0.00013,0.00413,0.99573
1026,0.00000,0.00000,1.00000
1027,0.02174,0.07705,0.90122
1028,0.00002,0.98651,0.01348
1029,0.00004,0.00138,0.99858
1030,0.00000,0.00000,1.00000
1031,0.00126,0.02715,0.97159
1032,0.84876,0.08658,0.06465
1033,0.00000,0.00000,0.99999
1034,0.00000,0.00000,1.00000
1035,0.02574,0.05343,0.92083
1036,0.93091,0.01802,0.05107
1037,0.00008,0.00575,0.99417
1038,0.00000,0.00000,1.00000
1039,0.07623,0.32061,0.60316
1040,0.05447,0.47419,0.47135
1041,0.11531,0.34238,0.54232
1042,0.00011,0.00014,0.99975
1043,0.00131,0.00249,0.99620
1044,0.06918,0.64957,0.28125
1045,0.26544,0.45820,0.27636
1046,0.00977,0.01209,0.97814
1047,0.33983,0.31735,0.34281
1048,0.19822,0.34486,0.45693
1049,0.00198,0.07569,0.92233
1050,0.00000,0.00000,1.00000
1051,0.32232,0.30773,0.36995
1052,0.00840,0.97980,0.01180
1053,0.03733,0.22591,0.73676
1054,0.00009,0.00047,0.99945
1055,0.11313,0.13658,0.75029
1056,0.01579,0.76671,0.21750
1057,0.17088,0.49052,0.33860
1058,0.00012,0.00019,0.99969
1059,0.38630,0.29894,0.31476
1060,0.36540,0.39628,0.23832
1061,0.00430,0.09699,0.89871
1062,0.00000,0.00000,1.00000
1063,0.14942,0.31560,0.53498
1064,0.13209,0.67179,0.19612
1065,0.00001,0.00021,0.99977
1066,0.00000,0.00000,1.00000
1067,0.00392,0.01107,0.98501
1068,0.02255,0.64533,0.33212
1069,0.00003,0.25134,0.74863
1070,0.00000,0.00523,0.99477
1071,0.00190,0.01332,0.98478
1072,0.22842,0.54572,0.22586
1073,0.03390,0.20116,0.76494
1074,0.00043,0.00081,0.99876
1075,0.27077,0.26376,0.46547
1076,0.17195,0.51487,0.31318
1077,0.04535,0.26485,0.68980
1078,0.00004,0.00036,0.99960
1079,0.31238,0.30683,0.38079
1080,0.02444,0.74358,0.23198
1081,0.02918,0.10499,0.86583
1082,0.00124,0.00184,0.99693
1083,0.22798,0.25943,0.51259
1084,0.14916,0.67138,0.17945
1085,0.00000,0.00078,0.99921
1086,0.00000,0.00000,1.00000
1087,0.12585,0.26424,0.60991
1088,0.00032,0.99453,0.00516
1089,0.01780,0.20794,0.77426
1090,0.00010,0.00011,0.99979
1091,0.29115,0.23295,0.47590
1092,0.02925,0.92515,0.04560
1093,0.04731,0.42934,0.52335
1094,0.00278,0.00922,0.98800
1095,0.34306,0.29082,0.36612
1096,0.02695,0.92493,0.04811
1097,0.00109,0.05459,0.94433
1098,0.00000,0.00000,1.00000
1099,0.00654,0.03120,0.96226
1100,0.00001,0.99958,0.00041
1101,0.03184,0.07833,0.88982
1102,0.00112,0.00158,0.99730
1103,0.14460,0.14898,0.70642
1104,0.15560,0.48755,0.35685
1105,0.00051,0.00064,0.99885
1106,0.99430,0.00256,0.00314
1107,0.03212,0.17428,0.79361
1108,0.02877,0.84641,0.12482
1109,0.00305,0.09633,0.90061
1110,0.00047,0.00855,0.99098
1111,0.14545,0.50335,0.35121
1112,0.01272,0.94920,0.03808
1113,0.00000,0.00000,1.00000
1114,0.00000,0.00000,1.00000
1115,0.00000,0.00000,1.00000
1116,0.99976,0.00014,0.00009
1117,0.00000,0.00000,1.00000
1118,0.00000,0.00000,1.00000
1119,0.00001,0.00000,0.99999
1120,0.21223,0.46096,0.32681
1121,0.00001,0.00187,0.99812
1122,0.00006,0.00015,0.99979
1123,0.00059,0.00239,0.99702
1124,0.00186,0.89381,0.10433
1125,0.03763,0.01699,0.94538
1126,0.00000,0.00000,1.00000
1127,0.00000,0.00000,1.00000
1128,0.00036,0.99803,0.00161
1129,0.00000,0.00027,0.99973
1130,0.00160,0.00288,0.99552
1131,0.00013,0.00175,0.99812
1132,0.00044,0.73782,0.26174
1133,0.03427,0.01865,0.94708
1134,0.00000,0.00000,1.00000
1135,0.10417,0.20577,0.69006
1136,0.76369,0.11986,0.11645
1137,0.00003,0.01006,0.98991
1138,0.00000,0.00000,1.00000
1139,0.00106,0.01651,0.98243
1140,0.22765,0.42379,0.34856
1141,0.02478,0.77193,0.20329
1142,0.00518,0.03514,0.95967
1143,0.09928,0.21052,0.69020
1144,0.24773,0.39909,0.35318
1145,0.03658,0.35013,0.61329
1146,0.31504,0.35818,0.32678
1147,0.14349,0.22251,0.63399
1148,0.04251,0.89801,0.05948
1149,0.03917,0.15257,0.80826
1150,0.00501,0.01431,0.98068
1151,0.29871,0.31172,0.38956
1152,0.21382,0.56613,0.22004
1153,0.00000,0.00000,1.00000
1154,0.98593,0.00543,0.00864
1155,0.12216,0.44704,0.43080
1156,0.00787,0.22416,0.76797
1157,0.08209,0.89476,0.02314
1158,0.00014,0.99453,0.00533
1159,0.06003,0.24776,0.69222
1160,0.00010,0.99805,0.00185
1161,0.00000,0.00001,0.99999
1162,0.98766,0.01181,0.00053
1163,0.00397,0.00079,0.99525
1164,0.00000,1.00000,0.00000
1165,0.00008,0.00038,0.99954
1166,0.00003,0.00014,0.99984
1167,0.19275,0.25870,0.54855
1168,0.03036,0.30966,0.65998
1169,0.00050,0.00163,0.99787
1170,0.00002,0.00002,0.99997
1171,0.00367,0.01279,0.98355
1172,0.00802,0.59724,0.39473
1173,0.00000,0.00000,1.00000
1174,0.99219,0.00612,0.00169
1175,0.00091,0.01194,0.98715
1176,0.99845,0.00046,0.00108
1177,0.00000,0.00000,1.00000
1178,0.98969,0.00414,0.00617
1179,0.13790,0.37233,0.48978
1180,0.00038,0.72239,0.27722
1181,0.02016,0.10638,0.87346
1182,0.00205,0.01076,0.98719
1183,0.29607,0.31993,0.38400
1184,0.12954,0.77159,0.09887
1185,0.15429,0.29418,0.55153
1186,0.00000,0.00000,0.99999
1187,0.06976,0.06352,0.86673
1188,0.03339,0.81397,0.15265
1189,0.00816,0.03670,0.95514
1190,0.01244,0.11438,0.87318
1191,0.00368,0.10600,0.89032
1192,0.04258,0.75031,0.20711
1193,0.00740,0.12506,0.86754
1194,0.00000,0.00000,1.00000
1195,0.12817,0.16127,0.71056
1196,0.04710,0.90666,0.04623
1197,0.00022,0.00023,0.99955
1198,0.99844,0.00110,0.00046
1199,0.00000,0.00000,1.00000
1200,0.95224,0.01797,0.02979
1201,0.00000,0.00003,0.99997
1202,0.94191,0.01726,0.04083
1203,0.00000,0.00039,0.99960
1204,0.00000,1.00000,0.00000
1205,0.00489,0.12406,0.87105
1206,0.00000,0.00000,1.00000
1207,0.20004,0.22911,0.57085
1208,0.00077,0.98890,0.01034
1209,0.99905,0.00054,0.00041
1210,0.99845,0.00144,0.00011
1211,0.00000,0.00000,1.00000
1212,0.99972,0.00001,0.00027
1213,0.00008,0.00043,0.99949
1214,0.00002,0.00007,0.99991
1215,0.13960,0.12990,0.73050
1216,0.07364,0.87934,0.04702
1217,0.00001,0.00013,0.99986
1218,0.00000,0.00000,1.00000
1219,0.00136,0.00148,0.99716
1220,0.06268,0.01819,0.91914
1221,0.99620,0.00327,0.00053
1222,0.99145,0.00643,0.00212
1223,0.00000,0.00000,1.00000
1224,0.99965,0.00001,0.00035
1225,0.00000,0.00000,1.00000
1226,0.00000,0.00000,1.00000
1227,0.00000,0.00000,1.00000
1228,0.00048,0.42259,0.57693
1229,0.00006,0.00009,0.99985
1230,0.00000,0.00000,1.00000
1231,0.00000,0.00000,0.99999
1232,0.01586,0.85031,0.13383
1233,0.00202,0.00888,0.98910
1234,0.00001,0.00002,0.99998
1235,0.23017,0.21452,0.55531
1236,0.10925,0.56347,0.32728
1237,0.00855,0.02269,0.96876
1238,0.02011,0.08933,0.89056
1239,0.30909,0.28745,0.40346
1240,0.26581,0.42694,0.30724
1241,0.00190,0.81864,0.17946
1242,0.00003,0.00137,0.99860
1243,0.04516,0.25872,0.69612
1244,0.00182,0.73218,0.26599
1245,0.00122,0.04386,0.95491
1246,0.00000,0.00000,1.00000
1247,0.00766,0.00724,0.98510
1248,0.00209,0.13629,0.86162
1249,0.00000,0.00013,0.99987
1250,0.00000,0.00000,1.00000
1251,0.00000,0.00000,1.00000
1252,0.00011,0.74794,0.25195
1253,0.99825,0.00161,0.00014
1254,0.00000,0.00000,1.00000
1255,0.00000,0.00000,1.00000
1256,0.99885,0.00003,0.00113
1257,0.00056,0.00146,0.99798
1258,0.00000,0.00000,1.00000
1259,0.00004,0.00048,0.99948
1260,0.00206,0.05298,0.94496
1261,0.00000,0.00000,1.00000
1262,0.00000,0.00000,1.00000
1263,0.00000,0.00000,1.00000
1264,0.00113,0.98483,0.01404
1265,0.02012,0.05928,0.92060
1266,0.00008,0.00037,0.99955
1267,0.00401,0.01102,0.98497
1268,0.01841,0.94819,0.03341
1269,0.00035,0.91210,0.08755
1270,0.00000,0.00012,0.99988
1271,0.00042,0.17349,0.82609
1272,0.00001,0.99991,0.00008
1273,0.00164,0.02763,0.97073
1274,0.00000,0.00000,1.00000
1275,0.21543,0.23300,0.55157
1276,0.10249,0.75406,0.14345
1277,0.13726,0.40174,0.46100
1278,0.08910,0.27127,0.63963
1279,0.36130,0.30466,0.33404
1280,0.12191,0.67055,0.20755
1281,0.00420,0.05923,0.93657
1282,0.00000,0.00002,0.99998
1283,0.14758,0.23527,0.61715
1284,0.00688,0.92080,0.07232
1285,0.14144,0.42441,0.43415
1286,0.00001,0.00001,0.99998
1287,0.00038,0.00310,0.99652
1288,0.23886,0.65569,0.10545
1289,0.00000,0.00001,0.99999
1290,0.00000,0.00000,1.00000
1291,0.00198,0.00388,0.99414
1292,0.01082,0.83955,0.14963
1293,0.00000,0.00001,0.99999
1294,0.00000,0.00000,1.00000
1295,0.00000,0.00000,1.00000
1296,0.00122,0.34764,0.65114
1297,0.00614,0.00100,0.99286
1298,0.99172,0.00286,0.00542
1299,0.00000,0.00000,1.00000
1300,0.00016,0.92902,0.07082
1301,0.00060,0.00127,0.99813
1302,0.00012,0.00001,0.99987
1303,0.00014,0.00011,0.99975
1304,0.05237,0.67411,0.27352
1305,0.00003,0.00208,0.99789
1306,0.00001,0.00252,0.99748
1307,0.00026,0.00093,0.99881
1308,0.27103,0.60618,0.12279
1309,0.00161,0.00290,0.99549
1310,0.00000,0.00000,1.00000
1311,0.00003,0.00005,0.99992
1312,0.00856,0.91311,0.07833
1313,0.00790,0.06854,0.92356
1314,0.00001,0.00001,0.99998
1315,0.00003,0.00003,0.99994
1316,0.08419,0.42098,0.49483
1317,0.19350,0.48866,0.31784
1318,0.03432,0.22426,0.74142
1319,0.21129,0.24718,0.54153
1320,0.13160,0.45544,0.41296
1321,0.00590,0.09828,0.89582
1322,0.00000,0.00005,0.99995
1323,0.00104,0.00108,0.99789
1324,0.02660,0.78408,0.18931
1325,0.09262,0.21245,0.69493
1326,0.00015,0.00018,0.99967
1327,0.09433,0.22850,0.67717
1328,0.15245,0.65520,0.19236
1329,0.11655,0.30186,0.58159
1330,0.06746,0.32482,0.60773
1331,0.33598,0.30315,0.36087
1332,0.04177,0.85145,0.10679
1333,0.11724,0.23614,0.64662
1334,0.02494,0.04514,0.92992
1335,0.05822,0.07929,0.86249
1336,0.20540,0.53616,0.25844
1337,0.03165,0.02733,0.94102
1338,0.00009,0.00014,0.99977
1339,0.40608,0.29691,0.29701
1340,0.04147,0.20918,0.74935
1341,0.12397,0.41137,0.46467
1342,0.00084,0.00123,0.99793
1343,0.33333,0.33333,0.33333
1344,0.10475,0.59877,0.29649
1345,0.00373,0.01452,0.98175
1346,0.00008,0.00026,0.99966
1347,0.00336,0.01681,0.97982
1348,0.19188,0.51290,0.29522
1349,0.09990,0.13743,0.76267
1350,0.00032,0.00070,0.99898
1351,0.33872,0.26676,0.39452
1352,0.06710,0.34005,0.59286
1353,0.16760,0.25370,0.57870
1354,0.00389,0.01319,0.98292
1355,0.20019,0.33535,0.46447
1356,0.15061,0.54884,0.30055
1357,0.10057,0.68208,0.21735
1358,0.19010,0.56806,0.24184
1359,0.35925,0.25541,0.38534
1360,0.49966,0.18512,0.31522
1361,0.00198,0.22029,0.77773
1362,0.00000,0.00000,1.00000
1363,0.06888,0.16439,0.76673
1364,0.01899,0.86718,0.11382
1365,0.01152,0.87633,0.11216
1366,0.00002,0.00153,0.99845
1367,0.23901,0.26092,0.50008
1368,0.12368,0.82500,0.05133
1369,0.00494,0.03973,0.95533
1370,0.00000,0.00000,1.00000
1371,0.28965,0.35661,0.35374
1372,0.07487,0.56365,0.36148
1373,0.01943,0.23803,0.74254
1374,0.00022,0.00030,0.99948
1375,0.09421,0.14765,0.75813
1376,0.17361,0.63616,0.19023
1377,0.00003,0.00119,0.99878
1378,0.00000,0.00000,1.00000
1379,0.00192,0.00658,0.99150
1380,0.36076,0.18062,0.45863
1381,0.01639,0.08001,0.90359
1382,0.00052,0.00340,0.99608
1383,0.06775,0.12846,0.80380
1384,0.00954,0.60023,0.39023
1385,0.11846,0.18704,0.69450
1386,0.00050,0.00197,0.99754
1387,0.00366,0.01380,0.98254
1388,0.08195,0.22097,0.69708
1389,0.00095,0.02468,0.97436
1390,0.00009,0.00059,0.99932
1391,0.10697,0.31539,0.57764
1392,0.01517,0.90131,0.08352
1393,0.08962,0.28346,0.62692
1394,0.01000,0.01134,0.97866
1395,0.28917,0.33215,0.37868
1396,0.05027,0.35401,0.59573
1397,0.16534,0.41702,0.41764
1398,0.00449,0.00803,0.98747
1399,0.25918,0.24765,0.49317
1400,0.31683,0.42903,0.25414
1401,0.00111,0.00550,0.99338
1402,0.00000,0.00000,1.00000
1403,0.23522,0.23999,0.52479
1404,0.05607,0.51194,0.43199
1405,0.00974,0.00632,0.98394
1406,0.00000,0.00000,1.00000
1407,0.20356,0.48460,0.31183
1408,0.03677,0.81921,0.14402
1409,0.12127,0.22116,0.65756
1410,0.00231,0.00139,0.99630
1411,0.37683,0.29316,0.33001
1412,0.16992,0.22508,0.60500
1413,0.00206,0.05439,0.94355
1414,0.00000,0.00000,1.00000
1415,0.00388,0.01221,0.98391
1416,0.00204,0.97991,0.01806
1417,0.00004,0.00277,0.99719
